Multiple size <= 100
TEST 1 ARG:54 4 75 35 71 92 10 19 88 36 31 52 6 43 11 14 16 76 79 62 32 93 30 42 41 83 29 8 74 98 33 97 72 51 15 7 40 80 27 1 39 34 99 91 89 61 63 12 64 37 20 45 94 57 38 44 49 21 65 50 69 82 55 17 2 66 47 85 56 3 59 81 67 13 78 86 60 23 25 22 84 18 24 70 26 58 73 95 77 96 68 53 9 28 0 90 48 46 5 87 
TEST 2 ARG:82 79 45 77 13 98 20 44 41 23 42 31 65 88 63 43 34 56 14 10 55 26 99 60 80 97 28 38 7 4 72 40 61 68 2 92 1 73 29 30 8 17 85 90 19 91 78 51 83 96 0 35 25 47 89 67 66 50 93 58 84 87 24 36 11 95 6 76 74 18 81 46 94 59 53 5 22 21 75 69 57 86 3 32 27 15 9 70 12 52 64 71 48 16 49 37 33 39 62 54 
TEST 3 ARG:32 48 69 91 2 84 7 67 83 99 54 1 22 8 55 44 73 38 75 82 36 12 70 41 0 81 78 24 56 71 77 19 13 29 80 9 97 86 18 87 46 42 74 65 58 53 11 95 14 3 33 15 21 40 45 34 61 26 66 62 89 25 16 85 50 96 90 23 59 60 28 37 5 79 20 63 4 43 17 47 68 27 39 35 31 64 92 94 88 6 57 52 98 93 76 72 30 49 51 10 
TEST 4 ARG:67 36 60 66 46 41 12 84 18 8 14 68 88 2 20 0 99 63 6 87 86 55 13 42 75 80 1 10 49 22 30 40 89 31 34 70 92 97 28 3 4 76 43 44 69 71 25 15 54 73 77 53 74 82 95 35 72 96 38 17 52 45 16 90 19 78 56 83 85 11 37 94 33 81 62 47 57 24 51 5 9 48 91 98 59 65 64 21 58 29 7 79 50 26 32 93 61 39 27 23 
TEST 5 ARG:96 92 41 93 57 27 51 60 18 58 54 43 5 84 78 28 37 99 38 6 20 3 17 89 69 9 52 97 77 59 88 45 11 68 12 15 26 63 94 53 91 30 70 29 4 65 47 7 14 21 67 83 71 1 76 74 36 42 16 46 81 73 56 33 82 75 49 50 32 19 85 66 8 80 25 24 95 23 22 62 35 55 39 48 90 34 87 64 79 61 98 44 2 86 0 72 13 10 31 40 
TEST 6 ARG:99 55 88 18 91 32 78 45 31 13 84 66 63 82 96 1 21 86 37 92 12 30 79 77 36 75 43 41 27 4 9 54 89 3 87 14 57 69 56 59 94 46 25 53 98 6 64 85 20 81 76 19 47 7 24 68 74 50 0 34 15 51 42 60 28 71 10 61 2 26 8 80 90 16 33 5 72 35 44 40 52 93 83 11 67 70 23 62 39 29 17 22 58 38 73 97 65 49 48 95 
TEST 7 ARG:49 46 94 22 76 68 67 42 10 44 14 48 78 66 29 34 2 90 12 63 93 79 36 92 62 37 26 84 11 16 19 71 59 64 75 97 18 17 31 69 83 15 8 65 7 28 25 88 53 41 5 27 21 50 24 47 86 9 80 87 70 91 74 30 96 57 82 20 73 45 13 23 3 55 38 95 43 99 35 52 89 60 33 54 61 58 40 51 77 0 6 32 85 1 56 39 4 98 81 72 
TEST 8 ARG:50 91 23 79 20 24 62 76 38 49 57 75 33 95 12 48 21 63 22 56 11 18 0 35 93 6 17 80 88 25 53 9 68 96 36 92 73 58 26 74 66 19 31 72 7 3 32 42 64 40 14 69 27 85 28 41 87 90 16 83 84 99 98 70 13 30 60 61 71 29 67 34 39 59 82 15 37 45 65 54 8 78 43 89 77 2 94 86 81 47 5 97 10 1 44 46 55 51 4 52 
TEST 9 ARG:30 23 99 84 91 16 37 70 5 58 2 92 26 14 24 41 64 77 27 1 80 7 73 68 89 85 12 17 51 97 93 82 46 13 48 79 60 94 45 6 34 10 87 22 42 83 36 35 49 40 86 74 81 43 50 39 65 98 69 62 88 54 78 33 18 31 25 0 57 66 56 15 32 4 53 63 21 71 44 47 29 11 76 59 9 67 95 8 52 72 3 61 55 75 38 28 20 96 19 90 
TEST 10 ARG:23 99 63 38 66 47 7 55 41 65 70 61 75 68 74 83 17 92 14 20 30 24 60 22 6 42 58 0 48 29 4 96 87 90 43 91 76 39 53 2 67 13 54 82 79 49 19 77 86 84 94 71 51 78 56 98 1 45 26 16 93 28 62 97 44 72 33 85 37 89 40 81 21 15 11 36 5 95 34 73 88 50 64 69 32 59 25 3 31 18 27 46 10 8 52 12 35 9 80 57 
TEST 11 ARG:97 88 93 54 18 36 43 2 55 96 5 52 15 44 99 50 26 76 66 80 38 75 6 84 46 56 21 98 70 77 74 14 73 19 67 22 61 41 13 35 20 51 33 31 59 29 27 34 48 1 8 40 72 37 71 94 64 49 24 10 65 68 79 16 23 87 12 69 7 85 58 39 42 82 30 89 9 28 47 25 4 11 81 90 17 32 60 0 45 3 83 78 86 92 62 63 57 53 95 91 
TEST 12 ARG:77 32 72 78 12 94 33 97 71 23 99 83 55 92 64 86 54 68 6 75 17 49 13 96 98 20 5 62 59 36 34 19 87 21 25 80 31 85 8 48 30 73 65 50 28 16 35 46 11 76 18 52 47 69 53 27 4 93 95 2 60 39 0 41 24 61 45 82 1 88 43 66 51 74 56 91 42 63 79 37 29 84 58 38 9 70 3 26 57 40 10 81 14 67 44 90 22 89 15 7 
TEST 13 ARG:34 12 56 15 87 10 93 35 11 21 28 68 84 79 1 80 47 13 50 78 48 62 90 98 88 18 40 61 89 96 44 37 20 45 63 71 17 73 29 92 43 69 39 46 31 86 64 55 22 94 32 2 52 41 23 58 33 59 51 75 85 97 53 67 74 0 66 38 95 42 72 83 76 4 99 54 24 27 36 9 81 60 82 19 3 57 25 49 7 16 26 30 14 6 8 70 65 77 5 91 
TEST 14 ARG:48 8 23 54 26 72 30 82 74 77 56 98 18 28 41 43 53 37 1 88 62 17 21 34 13 44 84 16 93 29 58 27 20 65 81 39 68 85 91 32 75 24 79 33 50 4 31 57 25 51 95 5 46 10 70 87 78 0 61 47 96 3 52 86 55 73 12 63 60 49 59 7 35 11 9 15 99 69 2 36 92 64 22 83 94 14 6 42 66 90 19 89 67 76 38 71 97 45 40 80 
TEST 15 ARG:46 36 71 64 60 6 44 23 51 8 47 84 38 25 55 61 82 95 74 85 70 27 92 98 96 14 72 43 50 24 40 59 15 1 12 11 42 5 34 75 53 87 99 67 41 66 16 56 7 79 77 45 94 0 4 88 33 49 76 3 39 52 73 68 90 19 54 37 69 91 18 57 83 22 81 35 17 29 63 10 2 80 31 62 65 86 48 9 30 26 20 78 89 93 58 13 97 28 21 32 
TEST 16 ARG:48 8 42 30 14 60 63 20 90 86 24 89 16 35 83 73 36 87 82 10 85 92 3 47 31 11 25 67 61 0 95 45 4 75 55 62 38 79 88 43 93 91 65 26 97 69 68 12 40 29 13 39 19 41 56 59 9 58 54 78 44 7 66 53 94 46 51 98 84 1 28 22 33 6 23 34 99 64 15 80 49 70 72 96 2 5 77 71 52 81 32 76 50 57 21 37 17 27 18 74 
TEST 17 ARG:4 88 54 42 55 25 19 60 31 66 74 53 5 72 83 43 3 10 58 33 96 13 17 32 14 73 92 20 27 76 38 45 95 44 9 68 26 29 51 39 18 85 56 81 71 59 12 84 49 47 30 62 82 89 22 67 48 24 16 40 7 75 11 36 97 93 98 35 90 64 77 1 87 99 0 79 46 78 15 21 65 34 57 2 50 69 94 6 8 86 28 52 91 23 70 37 41 61 80 63 
TEST 18 ARG:37 29 41 46 53 82 79 27 59 66 81 45 30 2 76 32 68 48 60 13 61 97 20 1 75 83 5 80 3 44 35 17 91 62 73 21 26 8 42 94 10 55 15 7 90 28 51 72 40 87 58 43 85 12 74 24 92 25 9 50 70 71 4 63 67 38 49 77 54 69 16 23 57 86 95 96 6 56 89 19 47 22 84 64 65 52 34 39 88 78 93 99 33 14 0 11 31 36 98 18 
TEST 19 ARG:90 63 76 71 11 49 67 32 53 68 42 77 6 35 57 30 18 48 24 12 89 27 39 31 47 80 82 69 4 87 10 33 97 26 50 8 79 85 3 22 74 98 65 36 19 84 70 40 75 66 95 20 29 78 81 41 44 46 73 14 2 0 16 21 45 15 1 58 96 23 94 61 62 55 92 37 91 72 28 38 25 52 43 56 83 64 99 5 60 34 17 9 86 54 51 7 13 59 88 93 
TEST 20 ARG:97 14 18 69 35 36 13 45 63 70 23 96 80 87 79 44 46 64 41 30 25 17 9 40 54 68 3 78 47 31 26 52 1 60 4 34 42 84 94 6 12 65 57 48 49 91 95 71 15 16 88 11 19 81 67 75 27 7 83 20 58 82 92 43 51 74 62 10 53 99 90 86 72 0 24 61 2 50 55 73 33 5 37 39 56 8 89 32 21 28 38 59 29 85 77 98 66 93 76 22 
TEST 21 ARG:70 12 45 81 83 55 32 89 73 39 66 27 42 10 59 34 14 13 37 7 77 56 69 86 84 31 49 30 16 57 5 38 43 95 87 93 82 8 53 91 71 50 23 44 46 75 80 35 19 90 62 54 40 94 36 74 52 11 26 78 4 64 85 15 68 6 67 99 17 2 98 28 92 21 97 76 24 0 41 9 58 25 48 22 47 96 29 1 63 79 51 60 3 72 33 61 88 18 20 65 
TEST 22 ARG:57 34 62 4 30 95 6 9 10 61 82 17 32 51 40 48 56 60 13 16 33 14 94 20 25 75 41 86 24 99 92 26 35 89 52 7 21 49 83 98 23 77 18 81 0 53 31 91 11 43 67 5 28 37 29 84 63 85 72 15 39 73 8 79 71 58 3 12 69 76 55 80 64 59 45 46 65 68 97 74 42 54 27 38 78 2 22 96 70 36 47 90 50 44 66 87 1 88 19 93 
TEST 23 ARG:8 65 0 28 1 90 13 26 11 95 16 83 52 49 27 44 94 51 98 15 66 50 32 84 33 89 25 38 47 85 19 43 5 2 12 97 80 37 56 4 48 99 54 77 75 23 14 46 93 58 88 72 3 34 17 53 59 57 74 24 42 81 69 36 86 39 10 62 96 64 60 91 61 40 35 30 29 55 78 22 76 31 21 20 82 73 45 68 71 79 7 92 18 9 41 6 70 87 67 63 
TEST 24 ARG:50 1 70 24 46 62 4 56 85 98 6 0 38 68 61 67 71 2 64 16 78 63 7 19 20 13 76 29 65 77 55 39 48 59 72 93 91 31 37 51 25 23 49 8 34 58 54 11 66 35 22 87 60 21 73 32 3 97 10 26 90 69 40 89 28 88 81 17 47 27 86 12 96 9 79 14 18 92 94 74 52 75 44 80 5 95 83 30 36 41 33 82 42 53 43 45 15 99 57 84 
TEST 25 ARG:7 69 4 49 15 84 3 28 35 23 72 8 30 13 54 99 11 66 14 41 29 43 57 19 17 10 67 59 12 55 32 82 21 1 62 88 76 97 75 34 53 95 73 18 25 51 40 83 68 56 78 52 91 85 24 36 70 64 46 87 63 16 5 74 47 44 45 26 80 37 89 31 90 38 77 20 81 22 61 9 33 60 27 2 50 79 0 98 86 6 96 71 48 39 93 94 92 58 42 65 
TEST 26 ARG:15 72 0 95 5 50 20 81 11 75 42 61 36 38 83 56 65 29 90 87 8 21 54 19 68 94 74 96 76 71 86 46 60 23 62 89 92 51 58 10 59 52 6 44 24 98 64 82 78 18 12 34 79 80 25 37 57 77 31 39 28 14 88 2 84 48 63 43 1 41 49 30 97 85 67 4 7 33 66 53 70 35 45 3 55 32 99 27 93 17 40 47 91 16 69 22 73 26 9 13 
TEST 27 ARG:35 90 87 99 54 20 34 97 26 36 24 96 85 50 42 64 44 49 84 5 68 78 63 60 81 89 71 43 75 94 48 61 58 10 25 70 65 18 66 8 16 32 76 59 52 67 9 31 79 7 38 4 57 95 74 55 39 23 56 1 73 30 92 80 19 72 98 62 17 2 14 11 45 47 86 0 27 93 77 91 6 15 3 51 13 22 37 83 12 88 28 82 21 46 33 69 29 53 40 41 
TEST 28 ARG:45 25 47 53 38 67 65 76 82 18 11 84 88 3 52 32 29 66 23 28 58 72 60 40 59 9 85 49 14 24 69 79 17 71 39 74 64 43 70 8 22 48 15 98 86 77 55 90 89 80 83 16 33 1 56 95 51 96 36 12 61 2 10 21 93 63 27 0 81 78 13 42 44 6 41 50 19 62 35 31 57 75 34 5 4 87 46 30 26 37 73 20 54 94 92 68 7 91 99 97 
TEST 29 ARG:83 39 66 5 91 32 33 88 82 61 92 94 67 96 45 81 79 58 99 22 19 41 70 74 8 65 48 7 51 25 1 60 95 9 78 4 80 77 69 57 84 15 53 87 26 27 6 3 49 97 40 68 76 90 86 38 11 47 35 29 16 43 24 23 13 44 85 0 17 56 36 64 50 21 37 2 75 63 54 73 20 14 34 98 46 59 30 62 28 89 71 72 93 10 55 42 31 18 12 52 
TEST 30 ARG:87 39 54 68 98 78 9 69 75 58 81 10 61 35 5 63 53 48 8 36 83 21 55 97 22 40 91 46 13 62 43 17 56 0 80 18 24 7 47 15 27 70 31 85 20 38 52 44 94 74 64 66 3 86 82 96 34 84 57 93 51 45 12 23 28 16 1 6 2 72 37 4 90 95 19 42 59 77 50 30 25 11 65 92 79 88 76 33 67 99 26 49 14 41 32 89 71 29 73 60 
TEST 31 ARG:75 95 91 23 97 61 54 15 89 4 78 10 52 62 82 59 7 64 49 17 67 37 2 25 87 18 0 22 27 14 98 30 66 43 72 32 73 85 96 71 40 69 77 5 86 13 74 42 38 47 28 48 39 83 92 35 53 84 50 65 1 33 45 56 79 16 51 26 11 41 57 81 63 36 99 93 44 34 46 60 58 19 6 20 70 80 31 88 76 8 55 9 24 12 90 3 21 94 29 68 
TEST 32 ARG:4 53 45 71 63 55 54 87 61 12 78 85 56 27 46 98 13 50 65 37 7 73 86 19 30 22 92 11 41 33 5 10 29 81 96 17 26 76 84 80 0 88 69 95 74 97 89 58 21 40 31 14 2 44 35 47 28 25 93 52 91 94 83 23 1 15 68 16 60 3 57 82 8 59 75 43 9 70 18 72 62 39 90 42 67 38 49 77 48 64 6 36 66 99 24 51 20 79 34 32 
TEST 33 ARG:42 78 40 0 95 11 47 19 23 58 38 8 74 62 69 97 12 53 75 72 17 45 76 57 65 29 67 83 94 48 63 49 61 6 25 82 52 51 73 39 59 68 84 41 9 22 43 28 32 54 81 21 89 3 35 79 27 26 16 56 70 96 86 88 77 36 4 85 1 99 18 24 93 90 15 20 66 30 46 60 44 92 55 31 37 34 7 13 64 50 33 14 91 80 10 71 98 2 87 5 
TEST 34 ARG:2 8 17 56 14 78 55 99 4 5 38 68 22 65 19 81 86 30 12 84 79 73 95 54 94 7 89 98 74 85 66 16 44 63 20 26 35 67 40 10 1 42 18 52 36 70 83 34 59 0 75 61 39 92 25 23 45 9 37 91 87 90 31 69 71 28 27 11 53 77 62 49 50 48 60 97 80 88 15 46 51 58 29 72 47 82 41 93 6 64 33 96 76 32 21 43 57 24 13 3 
TEST 35 ARG:39 90 56 60 8 88 14 37 80 23 91 33 73 26 72 44 24 67 85 12 28 20 76 49 40 27 97 3 83 6 38 35 25 13 22 69 30 94 4 41 68 63 96 48 77 21 55 18 51 10 11 59 54 53 5 74 46 82 31 36 15 2 17 1 92 99 71 42 65 79 89 95 19 86 29 7 66 50 78 81 87 0 84 98 47 61 45 57 43 9 75 70 16 58 52 32 62 34 64 93 
TEST 36 ARG:99 37 53 6 4 63 55 15 58 1 34 82 32 48 60 73 8 77 33 80 49 95 62 45 43 26 72 19 97 25 88 27 91 13 51 39 46 40 35 68 65 79 52 83 61 5 74 17 9 67 21 11 18 70 36 69 23 14 41 94 2 44 59 28 81 96 71 12 64 10 16 24 78 93 98 54 75 90 50 20 0 87 22 76 92 66 85 29 47 31 89 38 86 84 30 3 57 56 42 7 
TEST 37 ARG:21 63 7 60 26 44 20 83 99 61 14 53 11 4 8 42 31 45 15 33 92 37 59 96 22 52 89 91 78 38 72 10 64 55 12 98 77 51 2 81 28 88 71 24 30 13 32 90 80 50 58 29 41 18 6 47 74 17 66 25 19 43 97 65 5 93 84 27 87 69 34 48 86 49 16 73 56 70 76 95 35 39 9 57 67 82 0 40 85 46 1 54 68 3 62 75 23 79 36 94 
TEST 38 ARG:37 92 35 68 28 79 22 63 19 25 21 10 44 4 81 76 40 83 98 29 56 47 65 26 36 1 52 6 46 99 94 71 43 5 84 97 80 86 91 8 45 9 49 72 53 89 51 69 85 32 30 60 14 15 23 27 95 82 17 59 48 87 70 33 96 61 67 11 31 42 93 2 24 54 20 41 77 73 58 62 55 74 7 3 88 66 50 78 75 64 12 38 16 13 0 39 34 18 90 57 
TEST 39 ARG:30 31 0 4 12 11 57 96 6 26 27 38 81 87 3 21 72 39 13 54 23 59 82 58 49 32 46 36 68 88 97 7 69 47 50 95 94 91 65 34 76 14 8 80 29 33 61 63 37 71 70 83 35 48 25 17 89 10 45 90 15 74 2 56 44 40 20 9 99 41 93 86 73 78 19 77 53 18 24 22 62 55 1 92 75 66 79 42 16 60 5 28 98 43 85 52 51 84 64 67 
TEST 40 ARG:39 86 0 28 14 50 56 58 31 61 65 23 78 60 51 94 41 99 35 36 47 18 16 63 1 6 26 38 73 27 48 12 59 71 68 90 98 97 22 24 69 88 66 67 19 81 40 37 10 77 74 93 17 91 30 13 57 43 11 5 29 34 32 72 64 62 85 20 95 92 84 82 21 87 83 2 79 49 75 70 45 3 96 53 4 54 8 89 52 9 46 7 42 33 25 15 76 44 80 55 
